Accuracy : 0.7862
Precision: 0.8043607599077457
Recall   : 0.7862
F1 Score : 0.7862502104932045
